%YAML:1.0
---
cameraMatrix: !!opencv-matrix
   rows: 3
   cols: 3
   dt: d
   data: [ 3.6119672097995812e+02, 0., 2.5197272042381545e+02, 0.,
       3.6131302207887762e+02, 2.1112972039971646e+02, 0., 0., 1. ]
distortionCoefficients: !!opencv-matrix
   rows: 1
   cols: 5
   dt: d
   data: [ 8.9263718260191915e-02, -2.6840724464902427e-01,
       -2.3358010948663116e-04, 5.1207180769217487e-04,
       9.4881702106983351e-02 ]
rotation: !!opencv-matrix
   rows: 3
   cols: 3
   dt: d
   data: [ 1., 0., 0., 0., 1., 0., 0., 0., 1. ]
projection: !!opencv-matrix
   rows: 4
   cols: 4
   dt: d
   data: [ 3.6119672097995812e+02, 0., 2.5197272042381545e+02, 0., 0.,
       3.6131302207887762e+02, 2.1112972039971646e+02, 0., 0., 0., 1.,
       0., 0., 0., 0., 1. ]
