%YAML:1.0
---
cameraMatrix: !!opencv-matrix
   rows: 3
   cols: 3
   dt: d
   data: [ 1.0550099255824862e+03, 0., 9.5466974890041365e+02, 0.,
       1.0544223958014534e+03, 5.3665771539206708e+02, 0., 0., 1. ]
distortionCoefficients: !!opencv-matrix
   rows: 1
   cols: 5
   dt: d
   data: [ 4.7996455050797020e-02, -5.4453818288605058e-02,
       -1.5263614305774273e-04, -6.5585039600069570e-04,
       9.8538810288589466e-03 ]
rotation: !!opencv-matrix
   rows: 3
   cols: 3
   dt: d
   data: [ 1., 0., 0., 0., 1., 0., 0., 0., 1. ]
projection: !!opencv-matrix
   rows: 4
   cols: 4
   dt: d
   data: [ 1.0550099255824862e+03, 0., 9.5466974890041365e+02, 0., 0.,
       1.0544223958014534e+03, 5.3665771539206708e+02, 0., 0., 0., 1.,
       0., 0., 0., 0., 1. ]
