%YAML:1.0
---
depthShift: -2.5402162688290719e+01
