%YAML:1.0
---
rotation: !!opencv-matrix
   rows: 3
   cols: 3
   dt: d
   data: [ 9.9976574492551407e-01, -1.7698919482124886e-02,
       -1.2458070584852370e-02, 1.7732683303336248e-02,
       9.9983937015183544e-01, 2.6049639622246256e-03,
       1.2409964399444647e-02, -2.8252687564494358e-03,
       9.9991900203969442e-01 ]
translation: !!opencv-matrix
   rows: 3
   cols: 1
   dt: d
   data: [ -4.5396601313455597e-02, -6.1297349570896525e-04,
       6.5305348159416486e-03 ]
essential: !!opencv-matrix
   rows: 3
   cols: 3
   dt: d
   data: [ -1.2341088495205593e-04, -6.5277540022597724e-03,
       -6.2993565395567269e-04, 7.0923752111776732e-03,
       -2.4384100922246203e-04, 4.5311566417650564e-02,
       -1.9217365058225638e-04, -4.5400158232824658e-02,
       -1.2589297750521694e-04 ]
fundamental: !!opencv-matrix
   rows: 3
   cols: 3
   dt: d
   data: [ -1.0934838005924090e-07, -5.7820634284935466e-06,
       1.0467143685447002e-03, 6.2877101585841365e-06,
       -2.1610645674322133e-07, 1.2970836456253122e-02,
       -3.4495991536761640e-03, -3.6790151310176149e-02, 1. ]
